
30 2
505321257 505321257
522274525 522274525
2 3 3 2
8
405811630 698057602
710184180 819044725
154890768 908171699
57691135 225164217
189267009 592731734
36940569 462092407
399162519 944559425
33424329 520243865

6 1
0 0
3 5 23917 11
4
0 1000000008
0 10
100 150
200 10000

6 6
0 0
1 1
2 2
3 3
4 4
5 5
2 3 3 2
4
0 5
1 4
2 3
3 3

487 2
456740513 456740513
662894217 662894217
2 3 3 2
8
262244075 754459932
828382974 879111711
125852202 275521747
228103820 347660922
663399651 992605130
462476603 915695831
64316463 182550609
664396013 747246371
92140551 616740064
