-81 -27 90 72 1000
69 -56 12 57 61
97 93 27 7 48
-13 -65 88 73 90
30 16 31 47 11
-25 -28 87 96 50
-56 61 25 56 87
42 26 55 82 17
-5 77 46 31 75
42 -86 69 15 89
-23 -86 73 47 13
45 -6 15 76 3
41 24 52 57 86
-2 -5 18 72 7
61 -3 36 99 36
-60 -59 6 100 91
-16 -86 86 31 53
-19 -35 49 40 99
-75 52 31 16 60
-39 -71 61 42 2
3 82 51 60 60
-98 -57 38 67 100
81 69 98 69 42
-75 -68 6 7 71
13 20 19 63 94
13 98 77 13 65
-24 6 18 63 98
-87 -50 88 53 45
38 78 28 93 63
20 19 82 42 42
-42 38 50 91 7
-76 99 65 52 71
-33 -65 62 60 46
16 -33 78 19 18
61 73 64 99 49
37 -4 84 87 54
-91 1 93 25 44
32 7 36 49 50
4 -57 86 16 80
-54 -32 9 64 46
-93 -100 24 71 46
-16 -91 66 8 84
-59 -78 37 74 38
-84 60 5 1 49
-62 -50 85 98 89
52 40 74 40 17
99 76 24 1 44
24 -83 2 10 11
91 -37 78 19 34
60 -63 8 68 85
43 -61 54 20 8
20 98 47 88 65
-62 13 1 54 29
-82 29 70 87 2
17 -68 29 90 52
28 79 15 7 64
25 -43 75 37 14
4 -3 75 5 100
11 29 99 17 44
60 52 21 66 61
-53 -4 74 8 57
-50 -23 16 93 92
56 79 52 52 59
-11 -43 39 94 99
-22 24 13 6 36
3 -83 71 73 8
-74 -46 37 96 64
88 -95 67 19 61
-85 70 53 83 59
53 -27 57 31 42
62 -73 9 71 46
2 -82 29 38 64
56 -18 91 81 7
7 70 62 81 22
43 98 1 40 21
2 -47 77 6 95
-16 -3 21 20 63
5 23 76 35 37
86 -5 44 27 72
-15 -18 11 71 74
45 -42 11 39 3
69 -53 56 21 88
10 43 84 52 84
30 -37 33 45 75
-56 -72 80 35 54
34 -64 18 96 24
-52 -85 24 67 51
61 25 17 33 85
-57 24 28 49 66
3 77 76 48 48
-18 -11 40 56 53
-51 31 98 59 86
20 -63 65 49 82
14 -61 38 82 97
40 -49 67 75 87
-41 -78 34 2 65
58 -69 14 95 53
82 98 98 44 85
64 -47 51 16 35
24 18 42 30 77
97 99 47 27 98
-25 13 80 30 81
80 -22 58 21 30
-100 3 2 51 63
-37 88 56 49 87
-89 -90 86 55 12
96 62 33 43 82
-94 69 88 29 21
35 -16 75 65 75
65 -96 83 48 75
85 -84 34 79 91
70 -74 25 37 93
-87 -9 35 64 85
44 20 56 26 69
42 -25 56 50 82
15 0 54 100 58
-100 37 88 9 10
-65 -78 36 7 94
45 -85 95 40 9
-88 -56 75 13 76
4 59 96 85 28
80 76 98 60 68
-30 5 16 16 22
-37 99 50 78 100
77 -34 36 48 14
96 -86 8 96 54
-40 -24 41 39 68
-3 -24 56 7 81
14 95 65 28 11
-59 -13 78 73 69
-74 -34 30 46 54
36 53 78 62 90
13 -18 90 50 22
20 89 32 88 45
1 13 40 91 85
-53 3 36 8 8
-10 57 49 93 64
71 71 87 67 36
87 -57 1 45 79
92 -49 95 38 70
51 -69 93 52 35
-12 -73 13 11 43
-18 76 37 75 73
-4 11 57 20 56
-90 44 77 75 94
-58 85 12 1 18
73 -95 81 44 87
0 73 55 9 18
-4 -50 35 30 49
12 -81 79 9 22
-26 -7 35 51 5
10 42 36 49 42
83 25 19 90 85
5 71 67 30 39
-91 53 100 90 57
53 64 77 94 11
35 24 50 28 60
-17 3 65 60 55
-14 -79 42 71 5
35 -26 60 98 79
-63 17 6 58 40
3 -55 46 85 18
89 6 19 56 19
-58 -81 43 21 71
-75 -97 29 36 3
-100 -62 24 69 73
20 73 14 85 32
51 73 27 61 80
50 93 50 31 42
83 61 27 60 83
14 63 58 82 88
-50 29 95 31 39
-79 82 3 1 18
-36 -82 78 14 51
84 92 75 97 42
49 20 87 50 8
53 -41 79 79 2
32 -82 99 99 20
-71 54 100 10 87
76 -32 80 80 29
52 -36 67 25 96
-99 -33 76 17 19
19 -31 17 14 46
-96 -81 78 19 68
-13 95 86 39 6
11 -21 76 85 28
35 -5 17 62 33
-39 29 73 9 22
-53 -30 20 100 8
-19 56 33 5 75
-98 21 96 94 62
-76 -59 43 35 99
-22 70 1 14 41
28 36 49 95 92
-40 95 15 91 7
-52 -94 45 76 84
30 76 94 2 69
-72 -39 90 84 11
-18 30 41 44 34
28 23 7 40 96
-38 0 65 24 71
87 -58 68 16 82
12 24 83 67 56
-81 71 35 61 83
-14 -52 9 85 73
-100 44 23 85 60
-7 -57 75 61 88
70 33 78 4 47
32 91 33 75 79
2 -41 44 59 65
6 -9 3 63 22
-82 -43 23 17 66
8 -9 68 77 2
16 -83 21 26 55
-59 -8 100 100 99
76 -96 58 72 38
-85 -16 59 8 4
1 -88 41 31 24
32 53 85 62 88
75 -85 53 20 37
12 69 75 47 65
-36 2 75 21 40
85 31 31 11 55
28 -21 65 51 73
37 21 68 80 42
79 9 67 91 89
-91 -93 50 20 50
72 -58 79 8 35
-2 88 31 59 43
41 35 23 84 5
-45 -14 81 68 49
-14 79 1 91 43
63 -10 16 36 6
27 66 48 36 51
-73 -91 3 44 99
-59 -58 15 41 3
82 -91 19 85 23
-23 -68 68 19 24
42 -1 1 6 22
37 -41 70 2 66
-64 -88 31 76 48
-22 -96 32 88 10
88 96 57 49 23
90 -48 77 33 47
35 8 5 39 38
46 35 30 96 47
-33 77 12 2 88
47 -99 96 90 86
-96 -75 91 33 97
50 10 37 6 93
34 18 78 2 65
83 26 53 69 23
41 -58 34 76 7
73 -14 73 89 92
1 -46 39 25 36
-26 23 18 6 73
-25 -23 97 65 43
22 35 87 86 73
-86 -57 44 46 99
-97 74 96 33 3
37 5 7 22 73
-32 2 19 84 79
74 -47 93 89 56
-52 90 17 73 82
-66 -80 3 59 36
-84 22 67 96 75
55 34 57 54 35
5 -29 89 65 8
100 38 42 45 47
47 -90 31 49 40
-23 -84 75 56 82
33 48 11 8 56
-27 -78 69 19 37
90 -71 96 25 58
37 -27 80 37 49
-66 -83 76 31 51
-55 77 76 22 3
-2 -28 77 93 40
-79 -65 85 25 33
4 76 20 33 72
-50 8 25 55 51
100 35 32 23 8
36 -64 62 18 47
19 -37 61 98 55
-97 -53 84 73 47
-100 30 44 50 87
17 -18 85 85 93
10 -11 100 36 25
77 71 55 82 29
-62 6 43 98 67
-93 -78 79 88 69
54 22 23 57 96
26 -16 67 27 11
-68 -74 36 31 45
-75 21 91 12 21
91 -82 63 18 33
-72 18 22 56 100
54 -37 34 77 73
55 92 20 61 70
97 34 43 37 28
70 40 78 100 80
100 60 5 4 27
-100 76 16 8 54
-37 81 94 25 82
-29 53 54 79 45
-19 64 42 71 90
-29 71 61 94 77
94 60 19 86 26
77 -74 25 20 3
-91 50 81 27 57
25 -24 90 98 11
-38 97 81 71 60
81 19 88 31 53
-2 100 37 99 100
75 99 30 18 17
-20 -94 74 6 22
13 -21 26 82 65
-76 -95 54 92 14
-17 -9 19 93 43
-19 58 63 48 64
-81 41 52 97 85
75 -17 68 36 4
68 25 73 78 27
-4 72 87 1 27
-55 -24 59 30 60
47 -59 18 37 23
79 56 24 42 56
-99 -90 14 14 83
-21 -23 24 81 27
-60 -29 53 92 97
-28 67 85 13 78
-88 79 45 2 91
-36 -12 18 7 34
40 -30 20 41 96
-72 93 96 30 13
-40 -11 75 86 48
70 65 40 4 31
64 -18 94 83 85
82 -18 40 6 20
82 -34 63 47 3
-2 -20 36 38 89
-1 69 24 65 10
66 -16 68 96 36
-2 8 61 62 39
31 62 10 53 1
28 7 92 75 83
-69 89 28 39 82
90 17 9 12 35
-27 -36 18 91 55
51 1 74 22 82
-47 -90 71 34 53
-61 -51 11 77 69
66 -39 14 88 100
67 -2 14 55 67
-18 80 99 29 46
54 -96 56 75 30
-12 -16 98 19 56
6 -27 96 59 40
90 71 53 44 29
-52 88 2 52 45
61 15 40 15 38
15 34 80 63 86
98 -2 42 79 22
100 100 66 82 6
3 -86 44 89 14
-98 -10 9 40 90
28 97 79 93 56
-56 -9 5 73 33
9 99 29 21 25
-76 -72 25 77 33
-64 -16 16 13 56
70 12 48 80 58
-94 -23 66 46 94
16 36 98 75 43
-25 86 88 52 32
47 72 77 76 12
79 -16 37 99 97
24 32 36 11 37
15 73 67 88 16
-40 66 69 29 85
-6 -9 2 58 40
35 81 5 3 91
-94 -71 9 37 75
8 -84 82 72 33
-73 -25 84 9 30
13 94 30 39 56
-75 -98 51 19 69
67 -60 16 39 47
-23 -95 89 18 98
9 -3 96 92 53
94 46 44 9 29
92 31 64 49 14
96 88 37 89 89
-4 54 49 72 61
77 56 33 98 81
-51 -46 31 56 60
-41 70 59 64 22
-64 57 10 19 22
-99 25 74 27 19
27 65 85 71 99
91 -10 72 7 26
60 77 88 8 42
54 87 73 30 93
24 25 77 98 60
-4 40 80 45 85
13 96 94 91 94
-12 89 87 89 59
-43 77 58 21 70
88 -17 70 69 14
87 28 63 22 32
84 -73 69 32 41
82 10 96 56 26
84 20 35 80 50
70 12 88 6 97
-61 4 98 37 2
-90 -86 79 86 65
-77 -5 91 46 33
87 39 38 75 37
-91 -10 78 30 10
-51 93 10 34 18
-45 -26 63 69 49
-47 81 45 27 45
73 88 30 100 49
38 17 93 55 97
72 43 56 56 73
-73 84 94 100 19
-37 -7 37 30 56
-76 6 26 70 58
86 -17 82 31 32
-48 -82 39 97 32
46 -82 20 100 38
49 -40 84 38 34
47 -21 29 30 18
-27 15 39 19 83
-43 -80 27 42 48
35 60 54 59 50
19 -24 27 69 22
-100 -76 62 60 62
20 24 17 50 80
-95 47 8 34 99
-18 19 68 12 69
-98 -100 29 99 35
91 52 46 70 78
-88 41 51 99 89
70 70 11 91 3
21 50 24 67 3
-63 81 42 1 52
17 33 8 25 76
22 -65 91 61 85
20 41 59 70 52
-24 90 15 27 33
-7 -56 42 88 42
-84 37 30 24 60
37 50 66 39 93
46 -8 23 92 58
-39 32 68 78 16
94 -2 23 45 52
60 38 24 82 28
95 -28 67 24 68
98 48 87 9 68
-43 86 37 22 47
6 20 5 31 78
94 13 16 89 96
98 15 77 12 90
-31 59 70 91 23
47 24 60 75 50
58 -14 86 71 9
-78 53 20 21 48
3 64 53 57 27
-78 -45 95 81 68
-87 30 22 98 23
-74 -72 47 25 46
73 4 22 24 61
69 -60 49 3 63
61 -48 68 86 47
33 54 27 66 49
-34 -5 59 93 5
-46 15 80 68 77
-87 -92 27 32 94
7 76 80 81 19
-1 84 57 94 28
70 51 26 42 43
-78 59 56 36 31
58 3 57 58 17
-76 7 51 59 85
99 55 33 33 35
-82 -6 15 43 51
-80 -21 68 5 63
-69 -55 76 46 47
29 100 33 33 72
-10 15 86 55 48
-91 -17 2 84 46
-11 42 42 71 81
90 75 33 32 4
-89 89 45 36 24
46 -45 92 13 22
15 58 59 84 74
-98 -25 41 75 55
-30 3 19 5 48
-63 46 5 96 57
-55 -19 58 32 64
-22 -27 54 18 96
57 100 38 51 23
2 30 7 87 13
-58 -65 91 77 17
-37 -99 40 74 55
-78 23 24 2 7
42 30 49 22 23
10 16 23 72 6
62 -69 100 97 17
9 -10 65 90 76
-11 63 44 20 16
-17 -72 36 16 38
-48 -4 94 73 20
-62 -51 7 64 69
-45 42 81 41 77
-53 59 15 2 5
39 60 71 61 98
-98 2 43 30 65
-47 81 43 88 64
-3 51 83 69 74
-79 -24 72 97 44
-53 39 80 81 10
96 19 40 27 75
75 61 86 22 40
9 98 97 15 44
-49 -51 6 30 86
-76 94 81 80 86
25 -59 96 31 49
-40 9 55 59 56
-58 9 49 63 74
-21 35 79 18 22
-13 -100 27 18 39
-15 -97 20 34 1
-62 9 46 45 8
23 50 16 95 43
29 43 41 66 81
50 86 55 42 12
-81 -74 26 44 69
-60 -14 39 23 59
75 -60 61 19 38
77 -81 33 75 69
63 68 79 50 2
14 9 32 55 47
14 -70 25 64 53
93 46 31 91 52
13 31 26 15 72
88 76 22 98 16
94 -2 7 91 9
-44 15 71 48 33
14 64 54 66 22
16 100 15 94 23
-44 99 2 98 15
91 35 53 90 81
-32 -20 78 62 26
-95 61 59 42 66
-38 99 62 29 91
-66 -86 27 74 43
-46 -98 54 99 72
-63 90 13 27 94
47 18 41 85 36
-51 -72 12 96 90
20 39 26 64 92
20 -35 44 57 90
-27 -83 3 58 67
5 98 91 90 11
-14 21 53 45 28
99 43 24 41 48
-41 -92 38 29 87
-32 97 96 67 90
70 88 16 2 72
56 -88 55 76 5
-40 13 92 2 99
77 -6 44 25 2
23 -71 37 55 30
-38 -60 71 74 36
-43 -44 31 8 96
-78 -96 71 59 88
40 60 51 90 65
99 -100 38 65 86
100 -41 9 81 46
-59 -44 81 53 15
-8 21 35 19 33
-88 -83 51 62 63
54 54 57 37 17
-79 0 17 49 74
4 -59 46 21 3
0 69 66 59 6
-57 -99 5 37 25
98 21 24 68 66
-56 -99 94 35 87
43 73 56 32 2
40 73 18 7 31
59 88 54 15 81
-60 -83 76 93 90
73 68 59 20 12
2 36 67 82 48
28 -50 82 52 70
34 72 79 94 13
-28 0 39 5 81
-55 -90 76 73 35
37 61 92 29 60
79 26 90 54 35
-31 -36 11 19 26
79 -4 42 95 48
91 -90 71 74 2
-48 54 63 80 42
65 32 12 30 84
9 60 90 67 100
46 79 24 88 50
6 89 41 12 4
3 -91 54 8 20
33 86 39 88 12
-55 34 27 23 24
-40 55 87 42 38
-26 -23 99 67 94
44 40 8 51 82
45 -5 44 23 22
24 92 11 12 98
89 -98 14 69 89
34 -50 33 52 9
-32 -79 10 70 13
4 -43 100 45 5
47 42 51 32 24
-47 42 4 35 79
-53 94 6 4 94
-61 -14 86 27 78
7 -31 92 4 70
-10 94 14 22 56
38 -20 76 96 92
95 -71 90 19 4
14 56 81 27 63
-42 38 49 25 35
-70 -58 60 47 33
-30 62 75 98 80
56 -60 81 84 100
64 -79 98 5 45
25 -45 6 84 23
41 92 24 12 33
58 -23 22 22 46
-12 42 73 44 27
100 90 45 71 97
88 -95 29 59 4
-23 19 77 72 70
-26 16 48 49 37
11 18 48 92 60
-32 -40 3 31 45
-2 65 68 93 93
-92 84 26 9 95
-29 41 79 29 78
-76 -76 73 13 76
38 31 38 20 29
29 -43 87 62 91
81 -49 48 50 65
28 61 83 79 92
-20 -6 11 3 51
73 -56 1 15 65
-66 -80 81 24 56
-78 19 25 81 8
-29 91 94 95 14
60 13 15 40 95
69 -80 36 79 52
-89 -97 58 49 6
-46 -9 99 53 17
64 56 13 69 66
-12 -35 25 3 38
-4 42 93 22 41
-31 10 80 84 42
-100 69 59 88 68
-73 -45 58 94 20
82 -92 6 37 88
-31 79 61 58 28
90 93 65 25 55
45 65 22 79 10
-8 21 86 89 54
57 9 35 100 18
-98 -97 65 65 23
55 -59 63 41 94
-50 -99 71 27 31
42 -69 73 50 25
-49 62 88 78 6
-25 -54 69 61 34
-78 78 18 11 17
5 75 66 58 10
40 72 85 29 44
-67 -87 78 5 82
-43 29 1 26 91
-18 -38 21 58 9
7 -6 11 31 68
-72 -36 28 2 61
-52 75 73 46 75
37 45 40 36 35
-38 -58 30 6 85
73 61 27 57 23
56 -80 60 21 13
-47 -64 1 99 61
-100 -46 95 85 75
-96 33 19 67 66
46 10 16 43 62
95 -92 59 60 38
-58 -39 5 9 75
1 -49 49 92 100
35 -85 92 17 57
56 -62 45 47 75
69 99 100 69 44
-41 -44 72 14 2
-76 -79 70 18 66
84 -8 73 3 88
-76 32 21 3 31
-37 4 15 41 1
-54 48 40 7 50
-92 78 45 67 97
-92 -64 18 99 7
-50 40 51 91 5
-46 -36 53 47 94
45 50 2 62 64
-26 86 67 29 87
-39 38 93 87 35
45 23 2 78 33
-74 40 58 85 20
-20 14 15 31 81
28 66 88 50 43
6 -64 49 61 69
-36 -74 93 62 18
-7 -15 6 100 6
-19 -62 51 15 14
75 -39 34 57 72
5 -2 94 29 91
-73 -25 19 54 29
-50 39 3 100 35
17 6 68 99 53
59 -14 9 37 29
-64 98 70 50 69
100 52 1 97 40
34 94 98 82 13
-49 8 42 80 40
-90 -71 55 9 12
-74 43 36 64 63
54 -49 66 88 67
53 -45 68 98 5
95 -42 45 33 31
64 25 44 34 60
20 -6 43 80 62
84 13 36 92 70
92 -44 71 15 46
93 -43 88 44 89
-55 51 3 59 95
38 -13 19 24 40
-23 -89 97 35 92
3 -99 26 15 28
53 84 98 98 67
-45 -58 100 3 15
-48 66 19 46 60
-74 -17 7 68 75
-99 4 25 70 16
-5 -74 3 5 20
-11 -70 9 80 66
3 -60 100 73 78
-82 -9 36 17 28
96 71 78 38 85
-12 33 1 7 55
-11 -63 16 11 63
-46 85 95 85 2
-11 -43 28 22 79
-91 -33 36 9 3
37 -28 76 38 59
-3 35 40 57 23
-35 4 46 12 20
-38 -50 84 27 25
-7 99 51 95 62
-13 81 56 47 39
47 -47 61 47 56
-14 56 99 25 29
31 -92 49 96 97
75 -4 90 81 73
-32 -69 88 20 37
-8 11 30 99 54
22 -44 27 22 94
-87 -9 20 80 18
-37 -6 99 33 18
-36 7 73 40 91
56 -81 54 79 42
54 -2 40 82 66
-64 -55 64 5 37
69 18 75 60 22
-97 24 13 83 90
15 62 34 5 62
-56 -82 56 14 53
100 34 16 9 37
-54 88 76 33 93
84 -82 9 24 75
69 48 2 16 56
21 -55 37 71 14
-11 -71 94 78 64
34 -97 64 42 19
-39 -12 35 41 96
22 -99 10 12 51
-57 57 49 71 13
91 98 95 82 78
-17 -85 48 32 79
-94 57 90 57 92
26 16 24 87 98
92 59 100 26 56
15 82 57 33 5
80 -28 9 55 44
60 55 14 44 7
-76 85 100 61 37
99 -11 56 98 30
-20 77 80 70 5
52 42 84 84 83
65 6 72 90 41
-54 27 36 44 74
-8 -2 13 21 88
52 81 10 90 51
-86 23 46 35 88
-76 -7 2 4 81
-77 93 96 77 54
-92 -7 9 18 70
-51 -43 62 81 56
26 85 23 100 81
82 -33 16 71 88
22 -69 83 76 94
85 -17 10 22 58
-25 -44 60 47 54
10 -62 85 57 88
-70 -44 14 65 95
-57 -19 3 15 82
78 34 55 89 58
32 88 66 85 53
36 -42 13 15 88
5 57 63 68 25
-55 -53 46 93 61
-47 57 6 39 35
-36 84 29 45 49
-22 74 43 50 74
71 -39 82 14 22
-3 57 90 28 51
18 -89 46 90 60
37 32 55 98 98
36 36 32 53 72
-23 -26 50 65 86
-63 20 4 80 87
3 -12 84 80 41
46 -20 45 35 65
-54 50 34 3 71
-23 -7 64 54 19
-85 66 93 70 40
19 -94 29 2 17
-19 9 64 17 9
-82 19 93 49 90
-89 50 5 79 79
98 -90 20 2 98
62 -10 22 86 35
-34 -92 67 98 14
-8 -22 53 73 63
-15 -19 62 19 46
34 -48 33 8 39
-53 -13 15 100 13
-60 31 95 2 8
-2 64 95 2 61
-77 46 69 19 32
87 24 16 97 50
-60 74 53 18 40
82 -19 93 91 5
-28 -19 54 38 22
-33 -17 43 38 51
73 0 54 42 35
-98 -70 95 19 10
-70 -11 27 52 56
9 34 53 81 61
15 80 50 43 96
73 59 17 40 24
-83 62 30 79 82
-68 -34 8 2 49
-100 12 93 80 11
78 12 49 87 63
-35 67 60 95 76
68 19 10 86 11
-29 -40 59 5 45
-28 -17 13 37 66
9 33 7 72 55
-22 85 10 52 49
-24 59 64 27 89
5 13 21 97 15
-16 48 17 79 18
-15 75 30 96 3
96 -8 40 82 75
-77 63 29 6 75
-84 -21 4 44 79
63 78 100 93 40
-78 25 93 39 33
-71 -81 2 59 98
36 -18 79 28 1
38 28 78 39 36
84 3 8 65 34
16 4 13 80 86
-8 -56 7 62 93
78 75 57 94 45
-76 22 48 97 24
18 -77 15 25 71
58 56 26 71 32
13 -15 11 20 32
61 -43 14 2 76
10 20 7 41 89
-100 75 3 14 47
-67 16 69 35 3
28 74 36 75 43
-7 -49 61 69 34
100 34 40 46 21
-93 11 3 35 6
-94 47 88 33 97
28 18 9 95 20
-11 11 47 75 91
-86 -9 93 25 57
-27 52 8 18 46
-16 -52 71 65 40
-62 -78 65 78 38
72 10 2 70 100
73 6 4 2 66
66 41 24 71 55
-71 -20 29 57 13
-90 -72 7 86 25
-59 41 30 51 45
-21 29 70 96 36
-93 -40 55 17 89
85 -44 97 42 85
78 -65 18 74 29
37 -44 3 90 22
-7 -35 34 27 24
-59 79 33 23 14
-48 30 83 23 94
92 -93 54 25 98
32 67 17 74 33
46 -49 36 72 68
-50 79 78 20 94
-54 -86 53 54 32
79 -58 20 64 61
-78 -99 96 45 47
49 96 85 89 8
43 76 1 37 67
75 -47 98 5 72
-12 14 3 88 61
1 9 79 84 84
69 -50 96 55 78
62 -80 65 15 82
71 -4 61 61 91
86 -94 44 37 54
21 -27 27 50 7
70 -70 69 49 3
77 18 53 49 37
-15 -92 93 50 38
-27 20 85 63 18
79 -91 61 22 76
68 41 82 100 76
44 87 98 48 61
-86 50 41 90 73
25 54 44 14 9
-22 37 26 78 24
-14 -1 6 28 47
14 17 30 89 59
-79 76 96 88 90
41 -76 78 36 66
95 -66 16 15 92
67 -73 44 64 33
69 -44 16 89 79
2 76 71 37 50
28 22 51 15 5
-22 -12 2 32 8
85 -21 8 66 93
-64 -92 79 81 3
48 -21 11 93 92
-98 -93 3 37 40
82 -47 27 74 69
-30 -42 44 2 92
51 -41 23 86 28
-46 84 7 4 19
-17 28 25 82 49
-2 -22 60 35 55
91 91 65 87 71
-55 -60 75 69 24
-27 -4 23 20 78
-13 -4 34 4 89
-81 -37 14 87 92
90 46 72 90 75
-31 -20 54 69 9
-84 14 34 83 2
-20 97 50 35 89
-97 55 45 15 84
25 26 85 34 67
46 75 56 69 91
58 -47 9 86 58
-78 68 56 91 33
12 -32 43 95 34
-5 14 60 69 34
96 -55 15 66 84
-80 37 27 31 17
16 -8 54 55 63
-48 10 57 33 41
38 -40 38 74 31
19 54 27 11 31
-40 -17 27 20 40
